75058258,
75058259,
75058260,
75058261,
75058262,
75058263,
75058264,
75058265,
75058266,
75058267,
75058268,
75058269,
75058270,
75058271,
75058272,
75058273,
75058274,
75058275,
75058276,
75058277,
75058278,
75058279,
75058280,
75058281,
75058282,
75058283,
75058284,
75058285,
75058286,
75058287,
75058288,
75058289,
75058290,
75058291,
75058292,
75058293,
75058294,
75058295,
75058296,
75058297,
75058298,
75058299,
75058300,
75058301,
75058302,
75058303,
75058304,
75058305,
75058306,
75058307,
75058308,
75058309,
75058310,
75058311,
75058312,
75058313,
75058314,
75058315,
75058316,
75058317,
75058318,
75058319,
75058320,
75058321,
75058322,
75058323,
75058324,
75058325,
75058326,
75058327,
75058328,
75058329,
75058330,
75058331,
75058332,
75058333,
75058334,
75058335,
75058336,
75058337,
75058338,
75058339,
75058340,
75058341,
75058342,
75058343,
75058344,
75058345,
75058346,
75058347,
75058348,
75058349,
75058350,
75058351,
75058352,
75058353,
75058354,
75058355,
75058356,
75058357,
75058358,
75058359,
75058360,
75058361,
75058362,
75058363,
75058364,
75058365,
75058366,
75058367,
75058368,
75058369,
75058370,
75058371,
75058372,
75058373,
75058374,
75058375,
75058376,
75058377,
75058378,
75058379,
75058380,
75058381,
75058382,
75058383,
75058384,
75058385,
75058386,
75058387,
75058388,
75058389,
75058390,
75058391,
75058392,
75058393,
75058394,
75058395,
75058396,
75058397,
75058398,
75058399,
75058400,
75058401,
75058402,
75058403,
75058404,
75058405,
75058406,
75058407,
75058408,
75058409,
75058410,
75058411,
75058412,
75058413,
75058414,
75058415,
75058416,
75058417,
75058418,
75058419,
75058420,
75058421,
75058422,
75058423,
75058424,
75058425,
75058426,
75058427,
75058428,
75058429,
75058430,
75058431,
75058432,
75058433,
75058434,
75058435,
75058436,
75058437,
75058438,
75058439,
75058440,
75058441,
75058442,
75058443,
75058444,
75058445,
75058446,
75058447,
75058448,
75058449,
75058450,
75058451,
75058452,
75058453,
75058454,
75058455,
75058456,
75058457,
75058458,
75058459,
75058460,
75058461,
75058462,
75058463,
75058464,
75058465,
75058466,
75058467,
75058468,
75058469,
75058470,
75058471,
75058472,
75058473,
75058474,
75058475,
75058476,
75058477,
75058478,
75058479,
75058480,
75058481,
75058482,
75058483,
75058484,
75058485,
75058486,
75058487,
75058488,
75058489,
75058490,
75058491,
75058492,
75058493,
75058494,
75058495,
75058496,
75058497,
75058498,
75058499,
75058500,
75058501,
75058502,
75058503,
75058504,
75058505,
75058506,
75058507,
75058508,
75058509,
75058510,
75058511,
75058512,
75058513,
75058514,
75058515,
75058516,
75058517,
75058518,
75058519,
75058520,
75058521,
75058522,
75058523,
75058524,
75058525,
75058526,
75058527,
75058528,
75058529,
75058530,
75058531,
75058532,
75058533,
75058534,
75058535,
75058536,
75058537,
75058538,
75058539,
75058540,
75058541,
75058542,
75058543,
75058544,
75058545,
75058546,
75058547,
75058548,
75058549,
75058550,
75058551,
75058552,
75058553,
75058554,
75058555,
75058556,
75058557,
75058558,
75058559,
75058560,
75058561,
75058562,
75058563,
75058564,
75058565,
75058566,
75058567,
75058568,
75058569,
75058570,
75058571,
75058572,
75058573,
75058574,
75058575,
75058576,
75058577,
75058578,
75058579,
75058580,
75058581,
75058582,
75058583,
75058584,
75058585,
75058586,
75058587,
75058588,
75058589,
75058590,
75058591,
75058592,
75058593,
75058594,
75058595,
75058596,
75058597,
75058598,
75058599,
75058600,
75058601,
75058602,
75058603,
75058604,
75058605,
75058606,
75058607,
75058608,
75058609,
75058610,
75058611,
75058612,
75058613,
75058614,
75058615,
75058616,
75058617,
75058618,
75058619,
75058620,
75058621,
75058622,
75058623,
75058624,
75058625,
75058626,
75058627,
75058628,
75058629,
75058630,
75058631,
75058632,
75058633,
75058634,
75058635,
75058636,
75058637,
75058638,
75058639,
75058640,
75058641,
75058642,
75058643,
75058644,
75058645,
75058646,
75058647,
75058648,
75058649,
75058650,
75058651,
75058652,
75058653,
75058654,
75058655,
75058656,
75058657,
75058658,
75058659,
75058660,
75058661,
75058662,
75058663,
75058664,
75058665,
75058666,
75058667,
75058668,
75058669,
75058670,
75058671,
75058672,
75058673,
75058674,
75058675,
75058676,
75058677,
75058678,
75058679,
75058680,
75058681,
75058682,
75058683,
75058684,
75058685,
75058686,
75058687,
75058688,
75058689,
75058690,
75058691,
75058692,
75058693,
75058694,
75058695,
75058696,
75058697,
75058698,
75058699,
75058700,
75058701,
75058702,
75058703,
75058704,
75058705,
75058706,
75058707,
75058708,
75058709,
75058710,
75058711,
75058712,
75058713,
75058714,
75058715,
75058716,
75058717,
75058718,
75058719,
75058720,
75058721,
75058722,
75058723,
75058724,
75058725,
75058726,
75058727,
75058728,
75058729,
75058730,
75058731,
75058732,
75058733,
75058734,
75058735,
75058736,
75058737,
75058738,
75058739,
75058740,
75058741,
75058742,
75058743,
75058744,
75058745,
75058746,
75058747,
75058748,
75058749,
75058750,
75058751,
75058752,
75058753,
75058754,
75058755,
75058756,
75058757
