72221454
72221455
72221456
72221457
72221458
72221459
72221460
72221461
72221462
72221463
72221464
72221465
72221466
72221467
72221468
72221469
72221470
72221471
72221472
72221473
72221474
72221475
72221476
72221477
72221478
72221479
72221480
72221481
72221482
72221483
72221484
72221485
72221486
72221487
72221488
72221489
72221490
72221491
72221492
72221493
72221494
72221495
72221496
72221497
72221498
72221499
72221500
72221501
72221502
72221503
72221504
72221505
72221506
72221507
72221508
72221509
72221510
72221511
72221512
72221513
72221514
72221515
72221516
72221517
72221518
72221519
72221520
72221521
72221522
72221523
72221524
72221525
72221526
72221527
72221528
72221529
72221530
72221531
72221532
72221533
72221534
72221535
72221536
72221537
72221538
72221539
72221540
72221541
72221542
72221543
72221544
72221545
72221546
72221547
72221548
72221549
72221550
72221551
72221552
72221553
72221554
72221555
72221556
72221557
72221558
72221559
72221560
72221561
72221562
72221563
72221564
72221565
72221566
72221567
72221568
72221569
72221570
72221571
72221572
72221573
72221574
72221575
72221576
72221577
72221578
72221579
72221580
72221581
72221582
72221583
72221584
72221585
72221586
72221587
72221588
72221589
72221590
72221591
72221592
72221593
72221594
72221595
72221596
72221597
72221598
72221599
72221600
72221601
72221602
72221603
72221604
72221605
72221606
72221607
72221608
72221609
72221610
72221611
72221612
72221613
72221614
72221615
72221616
72221617
72221618
72221619
72221620
72221621
72221622
72221623
72221624
72221625
72221626
72221627
72221628
72221629
72221630
72221631
72221632
72221633
72221634
72221635
72221636
72221637
72221638
72221639
72221640
72221641
72221642
72221643
72221644
72221645
72221646
72221647
72221648
72221649
72221650
72221651
72221652
72221653
72221654
72221655
72221656
72221657
72221658
72221659
72221660
72221661
72221662
72221663
72221664
72221665
72221666
72221667
72221668
72221669
72221670
72221671
72221672
72221673
72221674
72221675
72221676
72221677
72221678
72221679
72221680
72221681
72221682
72221683
72221684
72221685
72221686
72221687
72221688
72221689
72221690
72221691
72221692
72221693
72221694
72221695
72221696
72221697
72221698
72221699
72221700
72221701
72221702
72221703
72221704
72221705
72221706
72221707
72221708
72221709
72221710
72221711
72221712
72221713
72221714
72221715
72221716
72221717
72221718
72221719
72221720
72221721
72221722
72221723
72221724
72221725
72221726
72221727
72221728
72221729
72221730
72221731
72221732
72221733
72221734
72221735
72221736
72221737
72221738
72221739
72221740
72221741
72221742
72221743
72221744
72221745
72221746
72221747
72221748
72221749
72221750
72221751
72221752
72221753
72221754
72221755
72221756
72221757
72221758
72221759
72221760
72221761
72221762
72221763
72221764
72221765
72221766
72221767
72221768
72221769
72221770
72221771
72221772
72221773
72221774
72221775
72221776
72221777
72221778
72221779
72221780
72221781
72221782
72221783
72221784
72221785
72221786
72221787
72221788
72221789
72221790
72221791
72221792
72221793
72221794
72221795
72221796
72221797
72221798
72221799
72221800
72221801
72221802
72221803
72221804
72221805
72221806
72221807
72221808
72221809
72221810
72221811
72221812
72221813
72221814
72221815
72221816
72221817
72221818
72221819
72221820
72221821
72221822
72221823
72221824
72221825
72221826
72221827
72221828
72221829
72221830
72221831
72221832
72221833
72221834
72221835
72221836
72221837
72221838
72221839
72221840
72221841
72221842
72221843
72221844
72221845
72221846
72221847
72221848
72221849
72221850
72221851
72221852
72221853
72221854
72221855
72221856
72221857
72221858
72221859
72221860
72221861
72221862
72221863
72221864
72221865
72221866
72221867
72221868
72221869
72221870
72221871
72221872
72221873
72221874
72221875
72221876
72221877
72221878
72221879
72221880
72221881
72221882
72221883
72221884
72221885
72221886
72221887
72221888
72221889
72221890
72221891
72221892
72221893
72221894
72221895
72221896
72221897
72221898
72221899
72221900
72221901
72221902
72221903
72221904
72221905
72221906
72221907
72221908
72221909
72221910
72221911
72221912
72221913
72221914
72221915
72221916
72221917
72221918
72221919
72221920
72221921
72221922
72221923
72221924
72221925
72221926
72221927
72221928
72221929
72221930
72221931
72221932
72221933
72221934
72221935
72221936
72221937
72221938
72221939
72221940
72221941
72221942
72221943
72221944
72221945
72221946
72221947
72221948
72221949
72221950
72221951
72221952
72221953
72221954
72221955
72221956
72221957
72221958
72221959
72221960
72221961
72221962
72221963
72221964
72221965
72221966
72221967
72221968
72221969
72221970
72221971
72221972
72221973
72221974
72221975
72221976
72221977
72221978
72221979
72221980
72221981
72221982
72221983
72221984
72221985
72221986
72221987
72221988
72221989
72221990
72221991
72221992
72221993
72221994
72221995
72221996
72221997
72221998
72221999
72222000
72222001
72222002
72222003
72222004
72222005
72222006
72222007
72222008
72222009
72222010
72222011
72222012
72222013
72222014
72222015
72222016
72222017
72222018
72222019
72222020
72222021
72222022
72222023
72222024
72222025
72222026
72222027
72222028
72222029
72222030
72222031
72222032
72222033
72222034
72222035
72222036
72222037
72222038
72222039
72222040
72222041
72222042
72222043
72222044
72222045
72222046
72222047
72222048
72222049
72222050
72222051
72222052
72222053
72222054
72222055
72222056
72222057
72222058
72222059
72222060
72222061
72222062
72222063
72222064
72222065
72222066
72222067
72222068
72222069
72222070
72222071
72222072
72222073
72222074
72222075
72222076
72222077
72222078
72222079
72222080
72222081
72222082
72222083
72222084
72222085
72222086
72222087
72222088
72222089
72222090
72222091
72222092
72222093
72222094
72222095
72222096
72222097
72222098
72222099
72222100
72222101
72222102
72222103
72222104
72222105
72222106
72222107
72222108
72222109
72222110
72222111
72222112
72222113
72222114
72222115
72222116
72222117
72222118
72222119
72222120
72222121
72222122
72222123
72222124
72222125
72222126
72222127
72222128
72222129
72222130
72222131
72222132
72222133
72222134
72222135
72222136
72222137
72222138
72222139
72222140
72222141
72222142
72222143
72222144
72222145
72222146
72222147
72222148
72222149
72222150
72222151
72222152
72222153
72222154
72222155
72222156
72222157
72222158
72222159
72222160
72222161
72222162
72222163
72222164
72222165
72222166
72222167
72222168
72222169
72222170
72222171
72222172
72222173
72222174
72222175
72222176
72222177
72222178
72222179
72222180
72222181
72222182
72222183
72222184
72222185
72222186
72222187
72222188
72222189
72222190
72222191
72222192
72222193
72222194
72222195
72222196
72222197
72222198
72222199
72222200
72222201
72222202
72222203
72222204
72222205
72222206
72222207
72222208
72222209
72222210
72222211
72222212
72222213
72222214
72222215
72222216
72222217
72222218
72222219
72222220
72222221
72222222
72222223
72222224
72222225
72222226
72222227
72222228
72222229
72222230
72222231
72222232
72222233
72222234
72222235
72222236
72222237
72222238
72222239
72222240
72222241
72222242
72222243
72222244
72222245
72222246
72222247
72222248
72222249
72222250
72222251
72222252
72222253
72222254
72222255
72222256
72222257
72222258
72222259
72222260
72222261
72222262
72222263
72222264
72222265
72222266
72222267
72222268
72222269
72222270
72222271
72222272
72222273
72222274
72222275
72222276
72222277
72222278
72222279
72222280
72222281
72222282
72222283
72222284
72222285
72222286
72222287
72222288
72222289
72222290
72222291
72222292
72222293
72222294
72222295
72222296
72222297
72222298
72222299
72222300
72222301
72222302
72222303
72222304
72222305
72222306
72222307
72222308
72222309
72222310
72222311
72222312
72222313
72222314
72222315
72222316
72222317
72222318
72222319
72222320
72222321
72222322
72222323
72222324
72222325
72222326
72222327
72222328
72222329
72222330
72222331
72222332
72222333
72222334
72222335
72222336
72222337
72222338
72222339
72222340
72222341
72222342
72222343
72222344
72222345
72222346
72222347
72222348
72222349
72222350
72222351
72222352
72222353
72222354
72222355
72222356
72222357
72222358
72222359
72222360
72222361
72222362
72222363
72222364
72222365
72222366
72222367
72222368
72222369
72222370
72222371
72222372
72222373
72222374
72222375
72222376
72222377
72222378
72222379
72222380
72222381
72222382
72222383
72222384
72222385
72222386
72222387
72222388
72222389
72222390
72222391
72222392
72222393
72222394
72222395
72222396
72222397
72222398
72222399
72222400
72222401
72222402
72222403
72222404
72222405
72222406
72222407
72222408
72222409
72222410
72222411
72222412
72222413
72222414
72222415
72222416
72222417
72222418
72222419
72222420
72222421
72222422
72222423
72222424
72222425
72222426
72222427
72222428
72222429
72222430
72222431
72222432
72222433
72222434
72222435
72222436
72222437
72222438
72222439
72222440
72222441
72222442
72222443
72222444
72222445
72222446
72222447
72222448
72222449
72222450
72222451
72222452
72222453
72222454
72222455
72222456
72222457
72222458
72222459
72222460
72222461
72222462
72222463
72222464
72222465
72222466
72222467
72222468
72222469
72222470
72222471
72222472
72222473
72222474
72222475
72222476
72222477
72222478
72222479
72222480
72222481
72222482
72222483
72222484
72222485
72222486
72222487
72222488
72222489
72222490
72222491
72222492
72222493
72222494
72222495
72222496
72222497
72222498
72222499
72222500
72222501
72222502
72222503
72222504
72222505
72222506
72222507
72222508
72222509
72222510
72222511
72222512
72222513
72222514
72222515
72222516
72222517
72222518
72222519
72222520
72222521
72222522
72222523
72222524
72222525
72222526
72222527
72222528
72222529
72222530
72222531
72222532
72222533
72222534
72222535
72222536
72222537
72222538
72222539
72222540
72222541
72222542
72222543
72222544
72222545
72222546
72222547
72222548
72222549
72222550
72222551
72222552
72222553
72222554
72222555
72222556
72222557
72222558
72222559
72222560
72222561
72222562
72222563
72222564
72222565
72222566
72222567
72222568
72222569
72222570
72222571
72222572
72222573
72222574
72222575
72222576
72222577
72222578
72222579
72222580
72222581
72222582
72222583
72222584
72222585
72222586
72222587
72222588
72222589
72222590
72222591
72222592
72222593
72222594
72222595
72222596
72222597
72222598
72222599
72222600
72222601
72222602
72222603
72222604
72222605
72222606
72222607
72222608
72222609
72222610
72222611
72222612
72222613
72222614
72222615
72222616
72222617
72222618
72222619
72222620
72222621
72222622
72222623
72222624
72222625
72222626
72222627
72222628
72222629
72222630
72222631
72222632
72222633
72222634
72222635
72222636
72222637
72222638
72222639
72222640
72222641
72222642
72222643
72222644
72222645
72222646
72222647
72222648
72222649
72222650
72222651
72222652
72222653
72222654
72222655
72222656
72222657
72222658
72222659
72222660
72222661
72222662
72222663
72222664
72222665
72222666
72222667
72222668
72222669
72222670
72222671
72222672
72222673
72222674
72222675
72222676
72222677
72222678
72222679
72222680
72222681
72222682
72222683
72222684
72222685
72222686
72222687
72222688
72222689
72222690
72222691
72222692
72222693
72222694
72222695
72222696
72222697
72222698
72222699
72222700
72222701
72222702
72222703
72222704
72222705
72222706
72222707
72222708
72222709
72222710
72222711
72222712
72222713
72222714
72222715
72222716
72222717
72222718
72222719
72222720
72222721
72222722
72222723
72222724
72222725
72222726
72222727
72222728
72222729
72222730
72222731
72222732
72222733
72222734
72222735
72222736
72222737
72222738
72222739
72222740
72222741
72222742
72222743
72222744
72222745
72222746
72222747
72222748
72222749
72222750
72222751
72222752
72222753
72222754
72222755
72222756
72222757
72222758
72222759
72222760
72222761
72222762
72222763
72222764
72222765
72222766
72222767
72222768
72222769
72222770
72222771
72222772
72222773
72222774
72222775
72222776
72222777
72222778
72222779
72222780
72222781
72222782
72222783
72222784
72222785
72222786
72222787
72222788
72222789
72222790
72222791
72222792
72222793
72222794
72222795
72222796
72222797
72222798
72222799
72222800
72222801
72222802
72222803
72222804
72222805
72222806
72222807
72222808
72222809
72222810
72222811
72222812
72222813
72222814
72222815
72222816
72222817
72222818
72222819
72222820
72222821
72222822
72222823
72222824
72222825
72222826
72222827
72222828
72222829
72222830
72222831
72222832
72222833
72222834
72222835
72222836
72222837
72222838
72222839
72222840
72222841
72222842
72222843
72222844
72222845
72222846
72222847
72222848
72222849
72222850
72222851
72222852
72222853
72222854
72222855
72222856
72222857
72222858
72222859
72222860
72222861
72222862
72222863
72222864
72222865
72222866
72222867
72222868
72222869
72222870
72222871
72222872
72222873
72222874
72222875
72222876
72222877
72222878
72222879
72222880
72222881
72222882
72222883
72222884
72222885
72222886
72222887
72222888
72222889
72222890
72222891
72222892
72222893
72222894
72222895
72222896
72222897
72222898
72222899
72222900
72222901
72222902
72222903
72222904
72222905
72222906
72222907
72222908
72222909
72222910
72222911
72222912
72222913
72222914
72222915
72222916
72222917
72222918
72222919
72222920
72222921
72222922
72222923
72222924
72222925
72222926
72222927
72222928
72222929
72222930
72222931
72222932
72222933
72222934
72222935
72222936
72222937
72222938
72222939
72222940
72222941
72222942
72222943
72222944
72222945
72222946
72222947
72222948
72222949
72222950
72222951
72222952
72222953
72222954
72222955
72222956
72222957
72222958
72222959
72222960
72222961
72222962
72222963
72222964
72222965
72222966
72222967
72222968
72222969
72222970
72222971
72222972
72222973
72222974
72222975
72222976
72222977
72222978
72222979
72222980
72222981
72222982
72222983
72222984
72222985
72222986
72222987
72222988
72222989
72222990
72222991
72222992
72222993
72222994
72222995
72222996
72222997
72222998
72222999
72223000
72223001
72223002
72223003
72223004
72223005
72223006
72223007
72223008
72223009
72223010
72223011
72223012
72223013
72223014
72223015
72223016
72223017
72223018
72223019
72223020
72223021
72223022
72223023
72223024
72223025
72223026
72223027
72223028
72223029
72223030
72223031
72223032
72223033
72223034
72223035
72223036
72223037
72223038
72223039
72223040
72223041
72223042
72223043
72223044
72223045
72223046
72223047
72223048
72223049
72223050
72223051
72223052
72223053
72223054
72223055
72223056
72223057
72223058
72223059
72223060
72223061
72223062
72223063
72223064
72223065
72223066
72223067
72223068
72223069
72223070
72223071
72223072
72223073
72223074
72223075
72223076
72223077
72223078
72223079
72223080
72223081
72223082
72223083
72223084
72223085
72223086
72223087
72223088
72223089
72223090
72223091
72223092
72223093
72223094
72223095
72223096
72223097
72223098
72223099
72223100
72223101
72223102
72223103
72223104
72223105
72223106
72223107
72223108
72223109
72223110
72223111
72223112
72223113
72223114
72223115
72223116
72223117
72223118
72223119
72223120
72223121
72223122
72223123
72223124
72223125
72223126
72223127
72223128
72223129
72223130
72223131
72223132
72223133
72223134
72223135
72223136
72223137
72223138
72223139
72223140
72223141
72223142
72223143
72223144
72223145
72223146
72223147
72223148
72223149
72223150
72223151
72223152
72223153
72223154
72223155
72223156
72223157
72223158
72223159
72223160
72223161
72223162
72223163
72223164
72223165
72223166
72223167
72223168
72223169
72223170
72223171
72223172
72223173
72223174
72223175
72223176
72223177
72223178
72223179
72223180
72223181
72223182
72223183
72223184
72223185
72223186
72223187
72223188
72223189
72223190
72223191
72223192
72223193
72223194
72223195
72223196
72223197
72223198
72223199
72223200
72223201
72223202
72223203
72223204
72223205
72223206
72223207
72223208
72223209
72223210
72223211
72223212
72223213
72223214
72223215
72223216
72223217
72223218
72223219
72223220
72223221
72223222
72223223
72223224
72223225
72223226
72223227
72223228
72223229
72223230
72223231
72223232
72223233
72223234
72223235
72223236
72223237
72223238
72223239
72223240
72223241
72223242
72223243
72223244
72223245
72223246
72223247
72223248
72223249
72223250
72223251
72223252
72223253
72223254
72223255
72223256
72223257
72223258
72223259
72223260
72223261
72223262
72223263
72223264
72223265
72223266
72223267
72223268
72223269
72223270
72223271
72223272
72223273
72223274
72223275
72223276
72223277
72223278
72223279
72223280
72223281
72223282
72223283
72223284
72223285
72223286
72223287
72223288
72223289
72223290
72223291
72223292
72223293
72223294
72223295
72223296
72223297
72223298
72223299
72223300
72223301
72223302
72223303
72223304
72223305
72223306
72223307
72223308
72223309
72223310
72223311
72223312
72223313
72223314
72223315
72223316
72223317
72223318
72223319
72223320
72223321
72223322
72223323
72223324
72223325
72223326
72223327
72223328
72223329
72223330
72223331
72223332
72223333
72223334
72223335
72223336
72223337
72223338
72223339
72223340
72223341
72223342
72223343
72223344
72223345
72223346
72223347
72223348
72223349
72223350
72223351
72223352
72223353
72223354
72223355
72223356
72223357
72223358
72223359
72223360
72223361
72223362
72223363
72223364
72223365
72223366
72223367
72223368
72223369
72223370
72223371
72223372
72223373
72223374
72223375
72223376
72223377
72223378
72223379
72223380
72223381
72223382
72223383
72223384
72223385
72223386
72223387
72223388
72223389
72223390
72223391
72223392
72223393
72223394
72223395
72223396
72223397
72223398
72223399
72223400
72223401
72223402
72223403
72223404
72223405
72223406
72223407
72223408
72223409
72223410
72223411
72223412
72223413
72223414
72223415
72223416
72223417
72223418
72223419
72223420
72223421
72223422
72223423
72223424
72223425
72223426
72223427
72223428
72223429
72223430
72223431
72223432
72223433
72223434
72223435
72223436
72223437
72223438
72223439
72223440
72223441
72223442
72223443
72223444
72223445
72223446
72223447
72223448
72223449
72223450
72223451
72223452
72223453
72223454
72223455
72223456
72223457
72223458
72223459
72223460
72223461
72223462
72223463
72223464
72223465
72223466
72223467
72223468
72223469
72223470
72223471
72223472
72223473
72223474
72223475
72223476
72223477
72223478
72223479
72223480
72223481
72223482
72223483
72223484
72223485
72223486
72223487
72223488
72223489
72223490
72223491
72223492
72223493
72223494
72223495
72223496
72223497
72223498
72223499
72223500
72223501
72223502
72223503
72223504
72223505
72223506
72223507
72223508
72223509
72223510
72223511
72223512
72223513
72223514
72223515
72223516
72223517
72223518
72223519
72223520
72223521
72223522
72223523
72223524
72223525
72223526
72223527
72223528
72223529
72223530
72223531
72223532
72223533
72223534
72223535
72223536
72223537
72223538
72223539
72223540
72223541
72223542
72223543
72223544
72223545
72223546
72223547
72223548
72223549
72223550
72223551
72223552
72223553
72223554
72223555
72223556
72223557
72223558
72223559
72223560
72223561
72223562
72223563
72223564
72223565
72223566
72223567
72223568
72223569
72223570
72223571
72223572
72223573
72223574
72223575
72223576
72223577
72223578
72223579
72223580
72223581
72223582
72223583
72223584
72223585
72223586
72223587
72223588
72223589
72223590
72223591
72223592
72223593
72223594
72223595
72223596
72223597
72223598
72223599
72223600
72223601
72223602
72223603
72223604
72223605
72223606
72223607
72223608
72223609
72223610
72223611
72223612
72223613
72223614
72223615
72223616
72223617
72223618
72223619
72223620
72223621
72223622
72223623
72223624
72223625
72223626
72223627
72223628
72223629
72223630
72223631
72223632
72223633
72223634
72223635
72223636
72223637
72223638
72223639
72223640
72223641
72223642
72223643
72223644
72223645
72223646
72223647
72223648
72223649
72223650
72223651
72223652
72223653
72223654
72223655
72223656
72223657
72223658
72223659
72223660
72223661
72223662
72223663
72223664
72223665
72223666
72223667
72223668
72223669
72223670
72223671
72223672
72223673
72223674
72223675
72223676
72223677
72223678
72223679
72223680
72223681
72223682
72223683
72223684
72223685
72223686
72223687
72223688
72223689
72223690
72223691
72223692
72223693
72223694
72223695
72223696
72223697
72223698
72223699
72223700
72223701
72223702
72223703
72223704
72223705
72223706
72223707
72223708
72223709
72223710
72223711
72223712
72223713
72223714
72223715
72223716
72223717
72223718
72223719
72223720
72223721
72223722
72223723
72223724
72223725
72223726
72223727
72223728
72223729
72223730
72223731
72223732
72223733
72223734
72223735
72223736
72223737
72223738
72223739
72223740
72223741
72223742
72223743
72223744
72223745
72223746
72223747
72223748
72223749
72223750
72223751
72223752
72223753
72223754
72223755
72223756
72223757
72223758
72223759
72223760
72223761
72223762
72223763
72223764
72223765
72223766
72223767
72223768
72223769
72223770
72223771
72223772
72223773
72223774
72223775
72223776
72223777
72223778
72223779
72223780
72223781
72223782
72223783
72223784
72223785
72223786
72223787
72223788
72223789
72223790
72223791
72223792
72223793
72223794
72223795
72223796
72223797
72223798
72223799
72223800
72223801
72223802
72223803
72223804
72223805
72223806
72223807
72223808
72223809
72223810
72223811
72223812
72223813
72223814
72223815
72223816
72223817
72223818
72223819
72223820
72223821
72223822
72223823
72223824
72223825
72223826
72223827
72223828
72223829
72223830
72223831
72223832
72223833
72223834
72223835
72223836
72223837
72223838
72223839
72223840
72223841
72223842
72223843
72223844
72223845
72223846
72223847
72223848
72223849
72223850
72223851
72223852
72223853
72223854
72223855
72223856
72223857
72223858
72223859
72223860
72223861
72223862
72223863
72223864
72223865
72223866
72223867
72223868
72223869
72223870
72223871
72223872
72223873
72223874
72223875
72223876
72223877
72223878
72223879
72223880
72223881
72223882
72223883
72223884
72223885
72223886
72223887
72223888
72223889
72223890
72223891
72223892
72223893
72223894
72223895
72223896
72223897
72223898
72223899
72223900
72223901
72223902
72223903
72223904
72223905
72223906
72223907
72223908
72223909
72223910
72223911
72223912
72223913
72223914
72223915
72223916
72223917
72223918
72223919
72223920
72223921
72223922
72223923
72223924
72223925
72223926
72223927
72223928
72223929
72223930
72223931
72223932
72223933
72223934
72223935
72223936
72223937
72223938
72223939
72223940
72223941
72223942
72223943
72223944
72223945
72223946
72223947
72223948
72223949
72223950
72223951
72223952
72223953
72223954
72223955
72223956
72223957
72223958
72223959
72223960
72223961
72223962
72223963
72223964
72223965
72223966
72223967
72223968
72223969
72223970
72223971
72223972
72223973
72223974
72223975
72223976
72223977
72223978
72223979
72223980
72223981
72223982
72223983
72223984
72223985
72223986
72223987
72223988
72223989
72223990
72223991
72223992
72223993
72223994
72223995
72223996
72223997
72223998
72223999
72224000
72224001
72224002
72224003
72224004
72224005
72224006
72224007
72224008
72224009
72224010
72224011
72224012
72224013
72224014
72224015
72224016
72224017
72224018
72224019
72224020
72224021
72224022
72224023
72224024
72224025
72224026
72224027
72224028
72224029
72224030
72224031
72224032
72224033
72224034
72224035
72224036
72224037
72224038
72224039
72224040
72224041
72224042
72224043
72224044
72224045
72224046
72224047
72224048
72224049
72224050
72224051
72224052
72224053
72224054
72224055
72224056
72224057
72224058
72224059
72224060
72224061
72224062
72224063
72224064
72224065
72224066
72224067
72224068
72224069
72224070
72224071
72224072
72224073
72224074
72224075
72224076
72224077
72224078
72224079
72224080
72224081
72224082
72224083
72224084
72224085
72224086
72224087
72224088
72224089
72224090
72224091
72224092
72224093
72224094
72224095
72224096
72224097
72224098
72224099
72224100
72224101
72224102
72224103
72224104
72224105
72224106
72224107
72224108
72224109
72224110
72224111
72224112
72224113
72224114
72224115
72224116
72224117
72224118
72224119
72224120
72224121
72224122
72224123
72224124
72224125
72224126
72224127
72224128
72224129
72224130
72224131
72224132
72224133
72224134
72224135
72224136
72224137
72224138
72224139
72224140
72224141
72224142
72224143
72224144
72224145
72224146
72224147
72224148
72224149
72224150
72224151
72224152
72224153
72224154
72224155
72224156
72224157
72224158
72224159
72224160
72224161
72224162
72224163
72224164
72224165
72224166
72224167
72224168
72224169
72224170
72224171
72224172
72224173
72224174
72224175
72224176
72224177
72224178
72224179
72224180
72224181
72224182
72224183
72224184
72224185
72224186
72224187
72224188
72224189
72224190
72224191
72224192
72224193
72224194
72224195
72224196
72224197
72224198
72224199
72224200
72224201
72224202
72224203
72224204
72224205
72224206
72224207
72224208
72224209
72224210
72224211
72224212
72224213
72224214
72224215
72224216
72224217
72224218
72224219
72224220
72224221
72224222
72224223
72224224
72224225
72224226
72224227
72224228
72224229
72224230
72224231
72224232
72224233
72224234
72224235
72224236
72224237
72224238
72224239
72224240
72224241
72224242
72224243
72224244
72224245
72224246
72224247
72224248
72224249
72224250
72224251
72224252
72224253
72224254
72224255
72224256
72224257
72224258
72224259
72224260
72224261
72224262
72224263
72224264
72224265
72224266
72224267
72224268
72224269
72224270
72224271
72224272
72224273
72224274
72224275
72224276
72224277
72224278
72224279
72224280
72224281
72224282
72224283
72224284
72224285
72224286
72224287
72224288
72224289
72224290
72224291
72224292
72224293
72224294
72224295
72224296
72224297
72224298
72224299
72224300
72224301
72224302
72224303
72224304
72224305
72224306
72224307
72224308
72224309
72224310
72224311
72224312
72224313
72224314
72224315
72224316
72224317
72224318
72224319
72224320
72224321
72224322
72224323
72224324
72224325
72224326
72224327
72224328
72224329
72224330
72224331
72224332
72224333
72224334
72224335
72224336
72224337
72224338
72224339
72224340
72224341
72224342
72224343
72224344
72224345
72224346
72224347
72224348
72224349
72224350
72224351
72224352
72224353
72224354
72224355
72224356
72224357
72224358
72224359
72224360
72224361
72224362
72224363
72224364
72224365
72224366
72224367
72224368
72224369
72224370
72224371
72224372
72224373
72224374
72224375
72224376
72224377
72224378
72224379
72224380
72224381
72224382
72224383
72224384
72224385
72224386
72224387
72224388
72224389
72224390
72224391
72224392
72224393
72224394
72224395
72224396
72224397
72224398
72224399
72224400
72224401
72224402
72224403
72224404
72224405
72224406
72224407
72224408
72224409
72224410
72224411
72224412
72224413
72224414
72224415
72224416
72224417
72224418
72224419
72224420
72224421
72224422
72224423
72224424
72224425
72224426
72224427
72224428
72224429
72224430
72224431
72224432
72224433
72224434
72224435
72224436
72224437
72224438
72224439
72224440
72224441
72224442
72224443
72224444
72224445
72224446
72224447
72224448
72224449
72224450
72224451
72224452
72224453
72224454
72224455
72224456
72224457
72224458
72224459
72224460
72224461
72224462
72224463
72224464
72224465
72224466
72224467
72224468
72224469
72224470
72224471
72224472
72224473
72224474
72224475
72224476
72224477
72224478
72224479
72224480
72224481
72224482
72224483
72224484
72224485
72224486
72224487
72224488
72224489
72224490
72224491
72224492
72224493
72224494
72224495
72224496
72224497
72224498
72224499
72224500
72224501
72224502
72224503
72224504
72224505
72224506
72224507
72224508
72224509
72224510
72224511
72224512
72224513
72224514
72224515
72224516
72224517
72224518
72224519
72224520
72224521
72224522
72224523
72224524
72224525
72224526
72224527
72224528
72224529
72224530
72224531
72224532
72224533
72224534
72224535
72224536
72224537
72224538
72224539
72224540
72224541
72224542
72224543
72224544
72224545
72224546
72224547
72224548
72224549
72224550
72224551
72224552
72224553
72224554
72224555
72224556
72224557
72224558
72224559
72224560
72224561
72224562
72224563
72224564
72224565
72224566
72224567
72224568
72224569
72224570
72224571
72224572
72224573
72224574
72224575
72224576
72224577
72224578
72224579
72224580
72224581
72224582
72224583
72224584
72224585
72224586
72224587
72224588
72224589
72224590
72224591
72224592
72224593
72224594
72224595
72224596
72224597
72224598
72224599
72224600
72224601
72224602
72224603
72224604
72224605
72224606
72224607
72224608
72224609
72224610
72224611
72224612
72224613
72224614
72224615
72224616
72224617
72224618
72224619
72224620
72224621
72224622
72224623
72224624
72224625
72224626
72224627
72224628
72224629
72224630
72224631
72224632
72224633
72224634
72224635
72224636
72224637
72224638
72224639
72224640
72224641
72224642
72224643
72224644
72224645
72224646
72224647
72224648
72224649
72224650
72224651
72224652
72224653
72224654
72224655
72224656
72224657
72224658
72224659
72224660
72224661
72224662
72224663
72224664
72224665
72224666
72224667
72224668
72224669
72224670
72224671
72224672
72224673
72224674
72224675
72224676
72224677
72224678
72224679
72224680
72224681
72224682
72224683
72224684
72224685
72224686
72224687
72224688
72224689
72224690
72224691
72224692
72224693
72224694
72224695
72224696
72224697
72224698
72224699
72224700
72224701
72224702
72224703
72224704
72224705
72224706
72224707
72224708
72224709
72224710
72224711
72224712
72224713
72224714
72224715
72224716
72224717
72224718
72224719
72224720
72224721
72224722
72224723
72224724
72224725
72224726
72224727
72224728
72224729
72224730
72224731
72224732
72224733
72224734
72224735
72224736
72224737
72224738
72224739
72224740
72224741
72224742
72224743
72224744
72224745
72224746
72224747
72224748
72224749
72224750
72224751
72224752
72224753
72224754
72224755
72224756
72224757
72224758
72224759
72224760
72224761
72224762
72224763
72224764
72224765
72224766
72224767
72224768
72224769
72224770
72224771
72224772
72224773
72224774
72224775
72224776
72224777
72224778
72224779
72224780
72224781
72224782
72224783
72224784
72224785
72224786
72224787
72224788
72224789
72224790
72224791
72224792
72224793
72224794
72224795
72224796
72224797
72224798
72224799
72224800
72224801
72224802
72224803
72224804
72224805
72224806
72224807
72224808
72224809
72224810
72224811
72224812
72224813
72224814
72224815
72224816
72224817
72224818
72224819
72224820
72224821
72224822
72224823
72224824
72224825
72224826
72224827
72224828
72224829
72224830
72224831
72224832
72224833
72224834
72224835
72224836
72224837
72224838
72224839
72224840
72224841
72224842
72224843
72224844
72224845
72224846
72224847
72224848
72224849
72224850
72224851
72224852
72224853
72224854
72224855
72224856
72224857
72224858
72224859
72224860
72224861
72224862
72224863
72224864
72224865
72224866
72224867
72224868
72224869
72224870
72224871
72224872
72224873
72224874
72224875
72224876
72224877
72224878
72224879
72224880
72224881
72224882
72224883
72224884
72224885
72224886
72224887
72224888
72224889
72224890
72224891
72224892
72224893
72224894
72224895
72224896
72224897
72224898
72224899
72224900
72224901
72224902
72224903
72224904
72224905
72224906
72224907
72224908
72224909
72224910
72224911
72224912
72224913
72224914
72224915
72224916
72224917
72224918
72224919
72224920
72224921
72224922
72224923
72224924
72224925
72224926
72224927
72224928
72224929
72224930
72224931
72224932
72224933
72224934
72224935
72224936
72224937
72224938
72224939
72224940
72224941
72224942
72224943
72224944
72224945
72224946
72224947
72224948
72224949
72224950
72224951
72224952
72224953
72224954
72224955
72224956
72224957
72224958
72224959
72224960
72224961
72224962
72224963
72224964
72224965
72224966
72224967
72224968
72224969
72224970
72224971
72224972
72224973
72224974
72224975
72224976
72224977
72224978
72224979
72224980
72224981
72224982
72224983
72224984
72224985
72224986
72224987
72224988
72224989
72224990
72224991
72224992
72224993
72224994
72224995
72224996
72224997
72224998
72224999
72225000
72225001
72225002
72225003
72225004
72225005
72225006
72225007
72225008
72225009
72225010
72225011
72225012
72225013
72225014
72225015
72225016
72225017
72225018
72225019
72225020
72225021
72225022
72225023
72225024
72225025
72225026
72225027
72225028
72225029
72225030
72225031
72225032
72225033
72225034
72225035
72225036
72225037
72225038
72225039
72225040
72225041
72225042
72225043
72225044
72225045
72225046
72225047
72225048
72225049
72225050
72225051
72225052
72225053
72225054
72225055
72225056
72225057
72225058
72225059
72225060
72225061
72225062
72225063
72225064
72225065
72225066
72225067
72225068
72225069
72225070
72225071
72225072
72225073
72225074
72225075
72225076
72225077
72225078
72225079
72225080
72225081
72225082
72225083
72225084
72225085
72225086
72225087
72225088
72225089
72225090
72225091
72225092
72225093
72225094
72225095
72225096
72225097
72225098
72225099
72225100
72225101
72225102
72225103
72225104
72225105
72225106
72225107
72225108
72225109
72225110
72225111
72225112
72225113
72225114
72225115
72225116
72225117
72225118
72225119
72225120
72225121
72225122
72225123
72225124
72225125
72225126
72225127
72225128
72225129
72225130
72225131
72225132
72225133
72225134
72225135
72225136
72225137
72225138
72225139
72225140
72225141
72225142
72225143
72225144
72225145
72225146
72225147
72225148
72225149
72225150
72225151
72225152
72225153
72225154
72225155
72225156
72225157
72225158
72225159
72225160
72225161
72225162
72225163
72225164
72225165
72225166
72225167
72225168
72225169
72225170
72225171
72225172
72225173
72225174
72225175
72225176
72225177
72225178
72225179
72225180
72225181
72225182
72225183
72225184
72225185
72225186
72225187
72225188
72225189
72225190
72225191
72225192
72225193
72225194
72225195
72225196
72225197
72225198
72225199
72225200
72225201
72225202
72225203
72225204
72225205
72225206
72225207
72225208
72225209
72225210
72225211
72225212
72225213
72225214
72225215
72225216
72225217
72225218
72225219
72225220
72225221
72225222
72225223
72225224
72225225
72225226
72225227
72225228
72225229
72225230
72225231
72225232
72225233
72225234
72225235
72225236
72225237
72225238
72225239
72225240
72225241
72225242
72225243
72225244
72225245
72225246
72225247
72225248
72225249
72225250
72225251
72225252
72225253
72225254
72225255
72225256
72225257
72225258
72225259
72225260
72225261
72225262
72225263
72225264
72225265
72225266
72225267
72225268
72225269
72225270
72225271
72225272
72225273
72225274
72225275
72225276
72225277
72225278
72225279
72225280
72225281
72225282
72225283
72225284
72225285
72225286
72225287
72225288
72225289
72225290
72225291
72225292
72225293
72225294
72225295
72225296
72225297
72225298
72225299
72225300
72225301
72225302
72225303
72225304
72225305
72225306
72225307
72225308
72225309
72225310
72225311
72225312
72225313
72225314
72225315
72225316
72225317
72225318
72225319
72225320
72225321
72225322
72225323
72225324
72225325
72225326
72225327
72225328
72225329
72225330
72225331
72225332
72225333
72225334
72225335
72225336
72225337
72225338
72225339
72225340
72225341
72225342
72225343
72225344
72225345
72225346
72225347
72225348
72225349
72225350
72225351
72225352
72225353
72225354
72225355
72225356
72225357
72225358
72225359
72225360
72225361
72225362
72225363
72225364
72225365
72225366
72225367
72225368
72225369
72225370
72225371
72225372
72225373
72225374
72225375
72225376
72225377
72225378
72225379
72225380
72225381
72225382
72225383
72225384
72225385
72225386
72225387
72225388
72225389
72225390
72225391
72225392
72225393
72225394
72225395
72225396
72225397
72225398
72225399
72225400
72225401
72225402
72225403
72225404
72225405
72225406
72225407
72225408
72225409
72225410
72225411
72225412
72225413
72225414
72225415
72225416
72225417
72225418
72225419
72225420
72225421
72225422
72225423
72225424
72225425
72225426
72225427
72225428
72225429
72225430
72225431
72225432
72225433
72225434
72225435
72225436
72225437
72225438
72225439
72225440
72225441
72225442
72225443
72225444
72225445
72225446
72225447
72225448
72225449
72225450
72225451
72225452
72225453
72225454
72225455
72225456
72225457
72225458
72225459
72225460
72225461
72225462
72225463
72225464
72225465
72225466
72225467
72225468
72225469
72225470
72225471
72225472
72225473
72225474
72225475
72225476
72225477
72225478
72225479
72225480
72225481
72225482
72225483
72225484
72225485
72225486
72225487
72225488
72225489
72225490
72225491
72225492
72225493
72225494
72225495
72225496
72225497
72225498
72225499
72225500
72225501
72225502
72225503
72225504
72225505
72225506
72225507
72225508
72225509
72225510
72225511
72225512
72225513
72225514
72225515
72225516
72225517
72225518
72225519
72225520
72225521
72225522
72225523
72225524
72225525
72225526
72225527
72225528
72225529
72225530
72225531
72225532
72225533
72225534
72225535
72225536
72225537
72225538
72225539
72225540
72225541
72225542
72225543
72225544
72225545
72225546
72225547
72225548
72225549
72225550
72225551
72225552
72225553
72225554
72225555
72225556
72225557
72225558
72225559
72225560
72225561
72225562
72225563
72225564
72225565
72225566
72225567
72225568
72225569
72225570
72225571
72225572
72225573
72225574
72225575
72225576
72225577
72225578
72225579
72225580
72225581
72225582
72225583
72225584
72225585
72225586
72225587
72225588
72225589
72225590
72225591
72225592
72225593
72225594
72225595
72225596
72225597
72225598
72225599
72225600
72225601
72225602
72225603
72225604
72225605
72225606
72225607
72225608
72225609
72225610
72225611
72225612
72225613
72225614
72225615
72225616
72225617
72225618
72225619
72225620
72225621
72225622
72225623
72225624
72225625
72225626
72225627
72225628
72225629
72225630
72225631
72225632
72225633
72225634
72225635
72225636
72225637
72225638
72225639
72225640
72225641
72225642
72225643
72225644
72225645
72225646
72225647
72225648
72225649
72225650
72225651
72225652
72225653
72225654
72225655
72225656
72225657
72225658
72225659
72225660
72225661
72225662
72225663
72225664
72225665
72225666
72225667
72225668
72225669
72225670
72225671
72225672
72225673
72225674
72225675
72225676
72225677
72225678
72225679
72225680
72225681
72225682
72225683
72225684
72225685
72225686
72225687
72225688
72225689
72225690
72225691
72225692
72225693
72225694
72225695
72225696
72225697
72225698
72225699
72225700
72225701
72225702
72225703
72225704
72225705
72225706
72225707
72225708
72225709
72225710
72225711
72225712
72225713
72225714
72225715
72225716
72225717
72225718
72225719
72225720
72225721
72225722
72225723
72225724
72225725
72225726
72225727
72225728
72225729
72225730
72225731
72225732
72225733
72225734
72225735
72225736
72225737
72225738
72225739
72225740
72225741
72225742
72225743
72225744
72225745
72225746
72225747
72225748
72225749
72225750
72225751
72225752
72225753
72225754
72225755
72225756
72225757
72225758
72225759
72225760
72225761
72225762
72225763
72225764
72225765
72225766
72225767
72225768
72225769
72225770
72225771
72225772
72225773
72225774
72225775
72225776
72225777
72225778
72225779
72225780
72225781
72225782
72225783
72225784
72225785
72225786
72225787
72225788
72225789
72225790
72225791
72225792
72225793
72225794
72225795
72225796
72225797
72225798
72225799
72225800
72225801
72225802
72225803
72225804
72225805
72225806
72225807
72225808
72225809
72225810
72225811
72225812
72225813
72225814
72225815
72225816
72225817
72225818
72225819
72225820
72225821
72225822
72225823
72225824
72225825
72225826
72225827
72225828
72225829
72225830
72225831
72225832
72225833
72225834
72225835
72225836
72225837
72225838
72225839
72225840
72225841
72225842
72225843
72225844
72225845
72225846
72225847
72225848
72225849
72225850
72225851
72225852
72225853
72225854
72225855
72225856
72225857
72225858
72225859
72225860
72225861
72225862
72225863
72225864
72225865
72225866
72225867
72225868
72225869
72225870
72225871
72225872
72225873
72225874
72225875
72225876
72225877
72225878
72225879
72225880
72225881
72225882
72225883
72225884
72225885
72225886
72225887
72225888
72225889
72225890
72225891
72225892
72225893
72225894
72225895
72225896
72225897
72225898
72225899
72225900
72225901
72225902
72225903
72225904
72225905
72225906
72225907
72225908
72225909
72225910
72225911
72225912
72225913
72225914
72225915
72225916
72225917
72225918
72225919
72225920
72225921
72225922
72225923
72225924
72225925
72225926
72225927
72225928
72225929
72225930
72225931
72225932
72225933
72225934
72225935
72225936
72225937
72225938
72225939
72225940
72225941
72225942
72225943
72225944
72225945
72225946
72225947
72225948
72225949
72225950
72225951
72225952
72225953
72225954
72225955
72225956
72225957
72225958
72225959
72225960
72225961
72225962
72225963
72225964
72225965
72225966
72225967
72225968
72225969
72225970
72225971
72225972
72225973
72225974
72225975
72225976
72225977
72225978
72225979
72225980
72225981
72225982
72225983
72225984
72225985
72225986
72225987
72225988
72225989
72225990
72225991
72225992
72225993
72225994
72225995
72225996
72225997
72225998
72225999
72226000
72226001
72226002
72226003
72226004
72226005
72226006
72226007
72226008
72226009
72226010
72226011
72226012
72226013
72226014
72226015
72226016
72226017
72226018
72226019
72226020
72226021
72226022
72226023
72226024
72226025
72226026
72226027
72226028
72226029
72226030
72226031
72226032
72226033
72226034
72226035
72226036
72226037
72226038
72226039
72226040
72226041
72226042
72226043
72226044
72226045
72226046
72226047
72226048
72226049
72226050
72226051
72226052
72226053
72226054
72226055
72226056
72226057
